Possible positions

0.2 0.2 0.2
0.2 0.2 0
0.2 0 0
0.2 0 0.2
0 0.2 0
0 0.2 0.2
0 0 0

-0.2 0.2 0.2
-0.2 -0.2 0.2
-0.2 -0.2 -0.2
0.2 -0.2 -0.2
-0.2 0.2 -0.2
0.2 0.2 -0.2
0.2 -0.2 0.2

-0.2 0 0
-0.2 -0.2 0
0 -0.2 -0.2
0.2 -0.2 0
-0.2 0.2 0
0 0.2 -0.2 
0 -0.2 0.2

All done 


Possible positions


0.4 0.2 0.2 done
0.4 0.4 0.2 done
0.4 0.4 0.4 done
0.2 0.4 0.4 done
0.4 0.2 0.4 done
0.2 0.2 0.4 done
0.2 0.4 0.2 done

0.4 0 0 done
0.4 0.4 0 done
0 0.4 0.4 done
0.2 0.4 0 done
0.4 0.2 0 done
0 0.2 0.4 done 
0 0.4 0.2 done


0.4 0.4 0.4 done 
0.4 0.4 0 done
0.4 0 0 done
0.4 0 0.4 done
0 0.4 0 done
0 0.4 0.4
0 0 0

-0.4 0.4 0.4
-0.4 -0.4 0.4
-0.4 -0.4 -0.4
0.4 -0.4 -0.4
-0.4 0.4 -0.4
0.4 0.4 -0.4
0.4 -0.4 0.4

-0.4 0 0
-0.4 -0.4 0
0 -0.4 -0.4
0.4 -0.4 0
-0.4 0.4 0
0 0.4 -0.4 
0 -0.4 0.4

-0.2 -0.4 -0.4
-0.2 -0.2 -0.4
-0.2 -0.2 -0.2
0.2 -0.2 -0.2
-0.2 -0.4 -0.2
-0.4 -0.4 -0.2
-0.4 -0.2 -0.4

-0.2 0 0
-0.2 -0.2 0
0 -0.2 -0.2
-0.4 -0.2 0
-0.2 -0.4 0
0 -0.4 -0.2 
0 -0.2 0.2

-0.4 0.2 0.2
-0.4 -0.4 0.2
-0.4 -0.4 -0.4
0.2 -0.4 -0.4
-0.4 0.2 -0.4
0.2 0.2 -0.4
0.2 -0.4 0.2

-0.4 0 0
-0.4 -0.4 0
0 -0.4 -0.4
0.2 -0.4 0
-0.4 0.2 0
0 0.2 -0.4 
0 -0.4 0.2

-0.2 0.4 0.4
-0.2 -0.2 0.4
-0.2 -0.2 -0.2
0.4 -0.2 -0.2
-0.2 0.4 -0.2
0.4 0.4 -0.2
0.4 -0.2 0.4

-0.2 0 0
-0.2 -0.2 0
0 -0.2 -0.2
0.4 -0.2 0
-0.2 0.4 0
0 0.4 -0.2 
0 -0.2 0.4



CREATE TABLE quizdiff1 (
	quizId int(11) PRIMARY KEY AUTO_INCREMENT NOT NULL,
    quizQuestion TEXT NOT NULL,
    quizAnswer int(1) NOT NULL,
    ans1 TEXT NOT NULL,
    ans2 TEXT NOT NULL,
    ans3 TEXT NOT NULL,
    ans4 TEXT NOT NULL
);
